580737, 
583658, 
583971, 
584282, 
584556, 
584874, 
585336, 
585687, 
585976, 
588918, 
588919, 
588920, 
588921, 
588922, 
588923, 
588924, 
588948, 
589287, 
590040, 
590291, 
590897, 
590898, 
592112, 
592480, 
597901, 
598412, 
598829, 
600108, 
600939, 
601282, // here
602145, 
602828, 
603371, 
603798, 
604308, 
605130, 
606470, 
606471, 
606472, 
607015, 
607439, 
607869, 
608988, 
608989, 
610146, 
610353, 
610821, 
611297, 
611746, 
612763, 
613191, 
613207, 
613678, 
614090, 
614642, 
615049, 
616060, 
616493, 
616686, 
618582, 
618660, 
619136, 
619645, 
619975, 
620489, 
621461, 
622257, 
622258, 
622437, 
622711, 
623151, 
623491, 
624391, 
624904, 
624914, 
625217, 
625362, 
626070, 
626071, 
626556, 
627006, 
627263, 
627312, 
627492, 
627924, 
628462, 
628463, 
628472, 
628717, 
629330, 
629379, 
630008, 
630354, 
631335, 
631396, 
633006, 
633007, 
633008, 
633445, 
633782, 
634041, 
634076, 
634461, 
634728, 
635699, 
636018, 
636237, 
636238, 
636631, 
637057, 
637139, 
637864, 
638190, 
638772, 
639046, 
639132, 
639843, 
640007, 
640184, 
640525, 
640526, 
640670, 
641029, 
641142, 
641324, 
641704, 
641748, 
642347, 
642608, 
642844, 
643310, 
643587, 
644344, 
644445, 
644706, 
645052, 
645553, 
646799, 
646800, 
647237, 
647578, 
647950, 
648337, 
648897, 
649595, 
650105, 
650106, 
650308, 
650888, 
651543, 
651892, 
652508, 
652533, 
652989, 
653610, 
654052, 
654312, 
655067, 
655094, 
655596, 
656218, 
656539, 
657155, 
657511, 
657851, 
658631, 
658831, 
659092, 
659436, 
659796, 
660247, 
660780, 
661474, 
662171, 
662172, 
662611, 
663005, 
663853, 
663854, 
664045, 
664471, 
664922, 
665503, 
666374, 
666375, 
666376, 
666377, 
666792, 
667159, 
669705, 
669706, 
684933, 
685178, 
685234, 
685776, 
685994, 
686374, 
686382, 
686463, 
686716, 
686982, 
687199, 
687481, 
687636, 
688009, 
688285, 
688524, 
689382, 
689888, 
690451, 
691323, 
692270, 
692610, 
692916, 
693200, 
693458, 
693954, 
694251, 
694514, 
694871, 
695156, 
695632, 
695974, 
696348, 
696648, 
705649, 
706269, 
707154, 
707595, 
708061, 
708352, 
709214, 
709704, 
710591, 
711245, 
711733, 
712746, 
713211, 
714014, 
714441, 
715392, 
715947, 
716323, 
716906, 
717420, 
718900, 
719326, 
719521, 
719765, 
719803, 
720275, 
720881, 
720882, 
721024, 
721330, 
721889, 
722133, 
722601, 
722830, 
723166, 
723613, 
724266, 
724824, 
725121, 
725494, 
725576, 
726215, 
726763, 
727760, 
728058, 
